Bits	AvgTime	AvgMem
15	0.0001343850	152.1250000000
16	0.0003564300	96.9000000000
17	0.0004321600	2803.8300000000
18	0.0006177100	4391.2500000000
19	0.0004114300	2546.3700000000
20	0.0002558250	1028.5100000000
21	0.0002857950	762.7550000000
22	0.0004837800	336.0700000000
23	0.0007388250	259.3500000000
24	0.0015395300	145.4800000000
25	0.0014850250	14717.2400000000
26	0.0011332800	5130.8400000000
27	0.0015215550	3725.7200000000
28	0.0023948550	1674.2700000000
29	0.0032639750	1004.8500000000
30	0.0059799700	438.5250000000
31	0.0096038250	323.8650000000
32	0.0185071500	170.2500000000
33	0.0106820400	19278.3500000000
34	0.0147829100	6581.4000000000
35	0.0206425150	4749.9500000000
