Bits	AvgTime	AvgMem
15	0.0005311750	7066.8800000000
16	0.0005278400	10448.6400000000
17	0.0007651650	14769.6000000000
18	0.0010407500	20207.6800000000
19	0.0014885350	28697.1200000000
20	0.0022009350	42276.8000000000
21	0.0033273850	60483.0400000000
22	0.0046170100	84932.8000000000
23	0.0063141200	112397.1200000000
24	0.0086360550	156199.2000000000
25	0.0130117800	228747.3600000000
26	0.0184291500	321732.4800000000
27	0.0245343800	412729.2800000000
28	0.0387956600	645785.4399999999
29	0.0564161650	910916.3199999999
30	0.0825739550	1295247.8400000001
31	0.1202559350	1834249.2800000000
32	0.1753336300	2583393.6000000001
33	0.2383180700	3458406.2400000002
34	0.3729558950	5250920.1600000001
35	0.5012265850	6984724.4800000004
