Bits	AvgTime	AvgMem
15	0.0008666050	1584.4500000000
16	0.0024683500	2313.4300000000
17	0.0033882500	3314.3250000000
18	0.0085485950	4406.6050000000
19	0.0125751050	6578.1450000000
20	0.0333595050	9286.2000000000
21	0.0486600150	13666.7650000000
22	0.1269211600	17595.9350000000
23	0.1735194550	24199.1050000000
24	0.5084077050	35020.6500000000
25	0.7764346850	52542.6300000000
26	2.0723750350	68909.1900000000
27	2.8320026050	96749.8000000000
28	8.4799938400	146781.2850000000
29	11.0017122400	191276.8550000000
30	33.2530232600	283149.7900000000
