Bits	AvgTime	AvgMem
15	0.0001807300	211.5050000000
16	0.0020406150	111.9300000000
17	0.0004437750	3266.0250000000
18	0.0006000550	4788.6650000000
19	0.0005085400	3053.3300000000
20	0.0004627700	1240.7600000000
21	0.0006462450	913.9200000000
22	0.0011166700	371.9600000000
23	0.0016927300	298.4000000000
24	0.0036335000	147.3200000000
25	0.0023659950	15113.1600000000
26	0.0026101050	5092.8800000000
27	0.0038377700	3739.5200000000
28	0.0061839400	1637.3700000000
29	0.0097734450	1069.9650000000
30	0.0175973450	439.6050000000
31	0.0275813300	327.8700000000
32	0.0458856500	153.2250000000
33	0.0276474750	17742.1500000000
34	0.0381485100	5854.5900000000
35	0.0551234150	4210.4700000000
