Bits	AvgTime	AvgMem
15	0.0005439450	1245.7500000000
16	0.0011705300	1649.0000000000
17	0.0015227200	2208.8750000000
18	0.0038200950	3082.3750000000
19	0.0052908500	4421.1750000000
20	0.0136206950	7206.9600000000
21	0.0203326600	10946.4600000000
22	0.0583835550	15983.5800000000
23	0.0749975700	20587.9500000000
24	0.2238348750	30918.9900000000
25	0.3060334550	42080.2500000000
26	0.9082440850	62541.4200000000
27	1.2865764600	88604.5800000000
28	3.6082820600	144811.9050000000
29	5.1377992200	205278.2200000000
30	13.5410512350	262392.6200000000
