Bits	AvgTime	AvgMem
15	0.0002144800	7376.9600000000
16	0.0003137200	10753.2800000000
17	0.0004204950	14296.1600000000
18	0.0005963850	20089.6000000000
19	0.0008802750	29623.3600000000
20	0.0011813250	39637.7600000000
21	0.0016397750	55431.2000000000
22	0.0025049800	83955.0400000000
23	0.0034277050	114285.7600000000
24	0.0050847050	168670.4000000000
25	0.0067192050	224616.8000000000
26	0.0099716700	327967.5200000000
27	0.0140155950	457145.9200000000
28	0.0193173350	626405.9200000000
29	0.0288164100	930922.4000000000
30	0.0411371850	1313161.1200000001
31	0.0573965200	1821629.6000000001
32	0.0855734000	2665306.3999999999
33	0.1207086800	3662653.4399999999
34	0.1765226450	5207779.0400000000
35	0.2663005050	7519842.4000000004
